 -130.500000    47.000000      81001
 -130.500000    47.500000      81002
 -130.500000    48.000000      81003
 -130.500000    48.500000      81004
 -130.500000    49.000000      81005
 -130.500000    49.500000      81006
 -130.500000    50.000000      81007
 -131.000000    50.500000      81008
 -131.500000    51.000000      81009
 -132.000000    51.500000      81010
 -132.500000    52.000000      81011
 -133.000000    52.500000      81012
 -133.500000    53.000000      81013
 -134.000000    53.500000      81014
 -134.500000    54.000000      81015
 -135.000000    54.500000      81016
 -135.500000    55.000000      81017
 -136.000000    55.500000      81018
 -154.500000    56.000000      81019
 -154.000000    56.000000      81020
 -153.500000    56.000000      81021
 -153.000000    56.000000      81022
 -136.500000    56.000000      81023
 -152.500000    56.500000      81024
 -152.000000    56.500000      81025
 -137.000000    56.500000      81026
 -151.500000    57.000000      81027
 -137.500000    57.000000      81028
 -151.500000    57.500000      81029
 -138.000000    57.500000      81030
 -151.500000    58.000000      81031
 -138.500000    58.000000      81032
 -151.000000    58.500000      81033
 -150.500000    58.500000      81034
 -150.000000    58.500000      81035
 -140.000000    58.500000      81036
 -139.500000    58.500000      81037
 -139.000000    58.500000      81038
 -149.500000    59.000000      81039
 -149.000000    59.000000      81040
 -148.500000    59.000000      81041
 -148.000000    59.000000      81042
 -147.500000    59.000000      81043
 -147.000000    59.000000      81044
 -142.000000    59.000000      81045
 -141.500000    59.000000      81046
 -141.000000    59.000000      81047
 -140.500000    59.000000      81048
 -146.500000    59.500000      81049
 -146.000000    59.500000      81050
 -145.500000    59.500000      81051
 -145.000000    59.500000      81052
 -144.500000    59.500000      81053
 -144.000000    59.500000      81054
 -143.500000    59.500000      81055
 -143.000000    59.500000      81056
 -142.500000    59.500000      81057
 -130.500000    46.500000      81058
 -130.500000    46.000000      81059
 -130.500000    45.500000      81060
 -130.500000    45.000000      81061
 -130.500000    44.500000      81062
 -130.500000    44.000000      81063
 -130.500000    43.500000      81064
 -130.500000    43.000000      81065
 -130.500000    42.500000      81066
 -130.500000    42.000000      81067
 -130.500000    41.500000      81068
 -130.500000    41.000000      81069
 -130.500000    40.500000      81070
 -130.500000    40.000000      81071
 -130.500000    39.500000      81072
 -130.500000    39.000000      81073
 -128.500000    38.500000      81074
 -128.500000    38.000000      81075
 -128.500000    37.500000      81076
 -128.500000    37.000000      81077
 -126.500000    36.500000      81078
 -126.500000    36.000000      81079
 -126.500000    35.500000      81080
 -126.500000    35.000000      81081
 -124.500000    34.500000      81082
 -124.500000    34.000000      81083
 -124.500000    33.500000      81084
 -157.000000    17.000000      81301
 -162.000000    20.500000      81302
 -157.000000    24.000000      81303
 -152.500000    20.500000      81304
 -162.000000    24.000000      81305
 -162.000000    22.000000      81306
 -166.000000    23.000000      81307
 -174.000000    25.000000      81308
 -178.000000    26.000000      81309
 -179.000000    29.000000      81310
 -174.000000    28.000000      81311
 -166.000000    25.000000      81312
  146.500000    15.500000      81401
  146.500000    15.000000      81402
  146.500000    14.500000      81403
  146.500000    14.000000      81404
  146.000000    14.000000      81405
  146.000000    13.500000      81406
  145.500000    13.500000      81407
  145.500000    13.000000      81408
  145.500000    12.500000      81409
  145.000000    12.500000      81410
  144.500000    12.500000      81411
  144.000000    12.500000      81412
  144.000000    13.000000      81413
  144.000000    13.500000      81414
  144.000000    14.000000      81415
  144.500000    14.000000      81416
  144.500000    14.500000      81417
  144.500000    15.000000      81418
  145.000000    15.000000      81419
  145.000000    15.500000      81420
  143.000000    16.000000      81421
  144.000000    16.000000      81422
  145.000000    16.000000      81423
  146.000000    16.000000      81424
  147.000000    16.000000      81425
  147.000000    15.000000      81426
  147.000000    14.000000      81427
  147.000000    13.000000      81428
  147.000000    12.000000      81429
  146.000000    12.000000      81430
  145.000000    12.000000      81431
  144.000000    12.000000      81432
  143.000000    12.000000      81433
  143.000000    13.000000      81434
  143.000000    14.000000      81435
  143.000000    15.000000      81436
 -168.500000   -13.500000      81501
 -168.500000   -14.000000      81502
 -168.500000   -14.500000      81503
 -168.500000   -15.000000      81504
 -169.000000   -15.000000      81505
 -169.500000   -15.000000      81506
 -170.000000   -15.000000      81507
 -170.500000   -15.000000      81508
 -171.000000   -15.000000      81509
 -171.500000   -15.000000      81510
 -171.500000   -14.500000      81511
 -171.500000   -13.500000      81512
 -171.000000   -13.500000      81513
 -170.500000   -13.500000      81514
 -170.000000   -13.500000      81515
 -169.500000   -13.500000      81516
 -169.000000   -13.500000      81517
 -174.000000   -12.000000      81518
 -173.000000   -12.000000      81519
 -172.000000   -12.000000      81520
 -171.000000   -12.000000      81521
 -170.000000   -12.000000      81522
 -169.000000   -12.000000      81523
 -168.000000   -12.000000      81524
 -168.000000   -13.000000      81525
 -168.000000   -14.000000      81526
 -168.000000   -15.000000      81527
 -168.000000   -16.000000      81528
 -169.000000   -16.000000      81529
 -170.000000   -16.000000      81530
 -171.000000   -16.000000      81531
 -172.000000   -16.000000      81532
 -173.000000   -16.000000      81533
 -174.000000   -16.000000      81534
 -174.000000   -15.000000      81535
 -174.000000   -14.000000      81536
 -174.000000   -13.000000      81537
 -170.000000   -14.500000      81538
 -170.000000   -14.000000      81539
  164.000000    14.000000      81601
  165.000000    14.000000      81602
  166.000000    14.000000      81603
  167.000000    14.000000      81604
  168.000000    14.000000      81605
  169.000000    14.000000      81606
  170.000000    14.000000      81607
  171.000000    14.000000      81608
  172.000000    14.000000      81609
  173.000000    14.000000      81610
  174.000000    14.000000      81611
  174.000000    13.000000      81612
  174.000000    12.000000      81613
  174.000000    11.000000      81614
  174.000000    10.000000      81615
  174.000000     9.000000      81616
  174.000000     8.000000      81617
  174.000000     7.000000      81618
  174.000000     6.000000      81619
  174.000000     5.000000      81620
  174.000000     4.000000      81621
  173.000000     4.000000      81622
  172.000000     4.000000      81623
  171.000000     4.000000      81624
  170.000000     4.000000      81625
  169.000000     4.000000      81626
  168.000000     4.000000      81627
  167.000000     4.000000      81628
  166.000000     4.000000      81629
  165.000000     4.000000      81630
  164.000000     4.000000      81631
  164.000000     5.000000      81632
  164.000000     6.000000      81633
  164.000000     7.000000      81634
  164.000000     8.000000      81635
  164.000000     9.000000      81636
  164.000000    10.000000      81637
  164.000000    11.000000      81638
  164.000000    12.000000      81639
  164.000000    13.000000      81640
  128.000000    24.500000      81701
  128.500000    24.500000      81702
  127.500000    25.000000      81703
  129.000000    25.000000      81704
  127.000000    25.500000      81705
  129.500000    25.500000      81706
  126.500000    26.000000      81707
  130.000000    26.000000      81708
  126.500000    26.500000      81709
  130.500000    26.500000      81710
  126.500000    27.000000      81711
  126.500000    27.500000      81712
  130.500000    27.500000      81713
  131.000000    28.000000      81714
  126.500000    28.500000      81715
  131.000000    29.000000      81716
  126.500000    29.500000      81717
  131.500000    29.500000      81718
  126.500000    30.000000      81719
  132.000000    30.000000      81720
  132.500000    30.500000      81721
  126.500000    31.000000      81722
  133.000000    31.000000      81723
  133.500000    31.500000      81724
  127.000000    32.000000      81725
  134.000000    32.000000      81726
  127.500000    32.500000      81727
  134.500000    32.500000      81728
  128.000000    33.000000      81729
  135.000000    33.000000      81730
  135.500000    33.000000      81731
  136.000000    33.000000      81732
  136.500000    33.000000      81733
  128.500000    33.500000      81734
  137.000000    33.500000      81735
  129.000000    34.000000      81736
  137.500000    34.000000      81737
  138.000000    34.000000      81738
  138.500000    34.000000      81739
  139.000000    34.000000      81740
  139.500000    34.000000      81741
  129.500000    34.500000      81742
  130.000000    34.500000      81743
  140.000000    34.500000      81744
  140.500000    34.500000      81745
  141.000000    34.500000      81746
  130.500000    35.000000      81747
  141.500000    35.000000      81748
  131.000000    35.500000      81749
  131.500000    35.500000      81750
  141.500000    35.500000      81751
  132.000000    36.000000      81752
  141.500000    36.000000      81753
  132.500000    36.500000      81754
  133.000000    36.500000      81755
  133.500000    36.500000      81756
  134.000000    36.500000      81757
  134.500000    36.500000      81758
  135.000000    36.500000      81759
  141.500000    36.500000      81760
  135.500000    37.000000      81761
  142.000000    37.000000      81762
  136.000000    37.500000      81763
  142.000000    37.500000      81764
  136.500000    38.000000      81765
  137.000000    38.000000      81766
  137.500000    38.000000      81767
  142.000000    38.000000      81768
  137.500000    38.500000      81769
  142.500000    38.500000      81770
  138.000000    39.000000      81771
  138.500000    39.000000      81772
  143.000000    39.000000      81773
  139.000000    39.500000      81774
  143.000000    39.500000      81775
  139.000000    40.000000      81776
  143.000000    40.000000      81777
  139.000000    40.500000      81778
  143.000000    40.500000      81779
  143.000000    41.000000      81780
  139.000000    41.500000      81781
  143.500000    41.500000      81782
  139.000000    42.000000      81783
  144.000000    42.000000      81784
  144.500000    42.000000      81785
  145.000000    42.000000      81786
  139.000000    42.500000      81787
  145.500000    42.500000      81788
  139.000000    43.000000      81789
  146.000000    43.000000      81790
  139.500000    43.500000      81791
  146.000000    43.500000      81792
  140.000000    44.000000      81793
